|------------------ Written with ogs5py ------------------|
#TIME_STEPPING
  $PCS_TYPE
   GROUNDWATER_FLOW
  $TIME_START
   0
  $TIME_END
   3599.9999999999986
  $TIME_STEPS
   1 0.030599495108330706
   1 0.21419646575831494
   1 0.5813904070582834
   1 1.1321813190082362
   1 1.8665692016081732
   1 2.784554054858094
   1 3.8861358787580027
   1 5.1713146733078865
   1 6.640090438507757
   1 8.292463174357628
   1 10.128432880857474
   1 12.147999558007278
   1 14.351163205807097
   1 16.737923824256924
   1 19.308281413356667
   1 22.062235973106425
   1 24.99978750350617
   1 28.120936004555887
   1 31.425681476255704
   1 34.914023918605324
   1 38.585963331605
   1 42.44149971525479
   1 46.4806330695543
   1 50.703363394503924
   1 55.10969069010355
   1 59.69961495635323
   1 64.47313619325291
   1 69.43025440080248
   1 74.57096957900171
   1 79.89528172785162
   1 85.40319084735074
   1 91.09469693750066
   1 96.96979999830035
   1 103.02850002974901
   1 109.27079703184927
   1 115.69669100459782
   1 122.30618194799808
   1 129.09926986204755
   1 136.07595474674622
   1 143.23623660209637
   1 150.58011542809572
   1 158.10759122474428
   1 165.81866399204455
   1 173.7133337299938
   1 181.791600438592
   1 190.0534641178424
   1 198.4989247677404
   1 207.127982388291
   1 215.94063697948923
#STOP
|-- Written with ogs5py (1.1.1) on: 2020-06-04_20-49-45 --|